20 25
00000010000000000000
00000010000000000000
00211111111111112000
00000000000000001000
00000000002000001000
00000000001000001000
00000000001000001000
00000000001000001000
00111111111111111000
00100000000000000000
00100000000000000000
00111111111111111100
00100000000000000100
00100000000000000100
00200011120000000100
00001110010000000100
00111000010000000100
00100000010000000100
00100000010000000100
00100000011111111100
00100000000000000000
00111111111111111000
00000000000000001000
03111111111111111000
00000000000000000000
5 0 100 10 0
9
3 2
shroom
10 2
ork
16 6
shroom
10 6
snake
2 11
ork
2 13
snake
17 16
shroom
9 19
snake
3 23
ork